$SPEC_ID:
calibration
$SPEC_REM:
DET# 3
DETDESC# NDW2202 Easy-MCA-8k SN 09082199
AP# Maestro Version 7.01
$DATE_MEA:
12/16/2019 12:36:04
$MEAS_TIM:
42877 43200
$DATA:
0 8191
       0
       0
       0
       0
       0
       0
       0
       0
       0
       0
       0
       0
       0
       0
       0
       0
       0
       0
       0
       0
       0
       0
       0
       0
       0
       0
       0
       0
       0
       0
       0
       0
       0
       0
       0
       0
       0
       0
       0
       0
       0
       0
       0
       0
       0
       0
       0
       0
       0
       0
       0
       0
       0
       0
       0
       0
       0
       0
       0
       0
       0
       0
       0
       0
       0
       0
       0
       0
       0
       0
       0
       0
       0
       0
       0
       1
      18
      81
    1480
    3266
    3074
    3181
    3162
    3019
    3054
    3092
    3056
    3170
    3097
    3087
    3140
    3136
    3053
    3145
    2999
    2995
    3088
    3083
    2962
    3084
    3220
    3140
    3105
    2871
    2968
    3015
    2895
    2986
    2911
    2949
    2923
    2939
    3006
    2945
    2864
    2831
    2947
    2910
    2916
    2908
    2879
    2937
    2937
    3006
    2997
    2928
    3040
    3002
    3008
    2923
    3021
    2968
    2869
    2909
    2835
    2871
    2934
    3010
    2898
    2941
    2881
    3005
    3087
    3042
    3087
    3062
    3066
    2950
    2986
    2952
    2889
    2974
    2953
    2890
    2945
    2892
    3006
    3021
    3054
    2995
    2995
    2942
    2856
    2944
    3002
    2997
    3024
    2960
    3065
    3006
    3017
    3003
    3094
    3033
    2999
    3069
    3129
    3145
    3122
    3193
    3328
    3689
    3787
    3495
    2926
    2940
    3324
    3838
    3858
    3237
    2983
    2896
    2933
    2873
    2896
    2946
    2835
    2803
    2909
    2894
    2869
    2849
    2798
    2866
    2940
    2793
    2812
    2821
    2846
    3019
    3359
    3589
    3244
    3106
    2857
    2827
    2853
    2612
    2877
    2849
    2794
    2799
    2743
    2748
    2753
    2679
    2663
    2696
    2672
    2709
    2742
    2709
    2759
    2721
    2715
    2703
    2663
    2708
    2766
    2722
    2712
    2658
    2669
    2748
    2670
    2675
    2636
    2621
    2655
    2708
    2729
    2769
    2763
    2817
    2707
    2635
    2747
    2680
    2599
    2718
    2556
    2630
    2649
    2502
    2649
    2596
    2619
    2539
    2553
    2621
    2566
    2543
    2571
    2593
    2617
    2610
    2575
    2487
    2587
    2512
    2547
    2613
    2643
    2644
    2617
    2526
    2508
    2516
    2407
    2569
    2570
    2586
    2439
    2433
    2487
    2511
    2519
    2506
    2515
    2473
    2429
    2558
    2415
    2451
    2433
    2487
    2449
    2464
    2389
    2478
    2438
    2390
    2434
    2390
    2400
    2448
    2387
    2487
    2499
    2417
    2324
    2393
    2371
    2345
    2277
    2295
    2320
    2420
    2406
    2406
    2287
    2511
    2594
    2490
    2453
    2427
    2412
    2349
    2349
    2395
    2283
    2416
    2354
    2358
    2349
    2378
    2406
    2281
    2376
    2314
    2303
    2288
    2334
    2364
    2310
    2305
    2395
    2385
    2236
    2251
    2295
    2326
    2369
    2293
    2303
    2382
    2425
    2300
    2323
    2259
    2236
    2260
    2296
    2235
    2340
    2308
    2398
    2304
    2359
    2373
    2412
    2737
    2712
    2325
    2332
    2210
    2300
    2193
    2286
    2255
    2193
    2232
    2170
    2273
    2241
    2235
    2174
    2244
    2244
    2356
    2229
    2142
    2232
    2232
    2289
    2214
    2168
    2173
    2203
    2227
    2185
    2220
    2294
    2131
    2194
    2249
    2165
    2204
    2203
    2152
    2140
    2206
    2237
    2157
    2191
    2161
    2105
    2153
    2144
    2176
    2150
    2165
    2158
    2322
    2499
    2659
    2414
    2215
    2145
    2077
    2110
    2120
    2041
    2223
    2132
    2094
    2041
    2008
    2000
    2122
    2064
    2088
    2127
    2094
    2110
    2031
    2080
    2123
    2090
    2173
    2123
    2096
    2119
    2121
    2088
    1987
    2161
    2134
    2113
    1955
    2091
    2006
    2099
    2120
    2093
    2111
    2145
    2167
    2268
    2067
    2140
    2010
    2014
    1995
    2113
    2069
    2041
    2093
    2071
    2030
    2146
    2104
    2030
    2107
    2085
    2076
    2052
    1986
    2109
    2070
    2066
    2063
    1976
    2084
    2093
    2084
    2321
    2215
    2125
    2161
    2011
    2167
    2117
    2124
    2039
    2067
    2088
    2017
    2067
    2064
    1990
    2135
    2089
    2067
    2065
    2103
    2084
    2043
    2087
    2057
    2203
    2109
    2138
    2155
    2141
    2233
    2124
    2220
    2123
    2285
    2403
    2577
    2612
    2434
    2372
    2264
    2276
    2273
    2163
    2224
    2158
    2157
    2196
    2224
    2241
    2243
    2306
    2238
    2249
    2227
    2169
    2146
    2193
    2144
    2198
    2217
    2178
    2254
    2136
    2219
    2233
    2077
    2229
    2198
    2282
    2245
    2134
    2087
    2260
    2257
    2226
    2227
    2164
    2160
    2195
    2163
    2211
    2259
    2268
    2275
    2310
    2286
    2296
    2315
    2285
    2291
    2335
    2201
    2285
    2257
    2265
    2233
    2329
    2368
    2525
    2519
    2423
    2229
    2323
    2169
    2239
    2194
    2262
    2302
    2329
    2232
    2285
    2285
    2242
    2266
    2236
    2182
    2209
    2273
    2265
    2236
    2219
    2231
    2188
    2159
    2343
    2118
    2273
    2290
    2252
    2198
    2184
    2256
    2208
    2188
    2219
    2151
    2254
    2228
    2239
    2198
    2311
    2243
    2200
    2301
    2316
    2326
    2190
    2261
    2188
    2177
    2195
    2248
    2114
    2194
    2136
    2166
    2186
    2102
    2198
    2146
    2175
    2116
    2145
    2126
    2165
    2092
    2089
    2093
    2199
    2096
    2142
    2107
    2137
    2087
    2053
    2081
    2121
    2068
    2073
    2141
    2168
    2113
    2011
    2071
    2164
    2162
    2163
    2155
    2039
    2020
    2096
    2035
    2080
    2104
    2073
    2106
    2052
    2054
    2049
    2028
    2016
    1993
    1986
    2069
    2018
    2030
    1995
    2015
    2043
    2103
    2102
    2046
    2065
    2013
    2010
    2002
    2013
    1991
    2058
    2017
    2009
    1955
    1966
    1929
    1938
    2005
    1973
    2072
    1976
    1981
    2057
    1988
    2015
    1993
    2062
    1974
    2034
    2053
    1936
    1964
    2046
    1987
    2018
    1902
    1878
    1985
    1918
    1962
    2004
    1927
    1922
    2090
    2005
    2220
    2202
    2148
    2096
    1972
    1984
    1887
    1977
    1933
    1962
    1923
    1972
    1966
    1969
    1881
    1982
    1933
    1966
    1907
    1927
    1932
    1926
    1832
    1973
    1945
    1960
    1959
    1942
    1955
    1953
    1852
    1857
    1878
    1909
    1918
    1956
    1857
    1835
    1926
    1898
    1891
    1849
    1892
    1942
    1906
    1903
    1883
    1968
    1869
    1888
    1890
    1901
    1888
    1964
    1891
    1869
    1943
    1869
    1803
    1784
    1836
    1877
    1846
    1888
    1850
    1817
    1926
    2006
    1911
    1891
    1885
    1896
    1854
    1878
    1839
    1807
    1848
    1838
    1942
    1904
    1887
    1883
    1735
    1810
    1890
    1824
    1889
    1865
    1833
    1836
    1753
    1930
    1824
    1918
    1870
    1906
    1868
    1901
    1778
    1860
    1813
    1757
    1837
    1882
    1892
    1771
    1874
    1815
    1849
    1809
    1834
    1816
    1781
    1791
    1860
    1816
    1800
    1842
    1816
    1756
    1846
    1893
    1871
    1813
    1729
    1864
    1804
    1722
    1781
    1824
    1892
    1927
    1898
    1954
    1872
    1807
    1785
    1800
    1825
    1801
    1793
    1818
    1743
    1769
    1803
    1818
    1793
    1784
    1777
    1756
    1757
    1808
    1761
    1788
    1771
    1830
    1745
    1814
    1767
    1829
    1771
    1826
    1790
    1705
    1809
    1751
    1700
    1840
    1833
    1773
    1767
    1716
    1824
    1817
    1798
    1733
    1721
    1731
    1705
    1839
    1813
    1801
    1775
    1780
    1705
    1700
    1907
    2091
    2129
    1977
    1830
    1674
    1674
    1782
    1718
    1752
    1797
    1719
    1747
    1721
    1756
    1726
    1711
    1761
    1642
    1733
    1750
    1755
    1705
    1694
    1736
    1695
    1659
    1713
    1618
    1729
    1684
    1767
    1778
    1695
    1669
    1664
    1720
    1654
    1749
    1708
    1617
    1613
    1673
    1673
    1707
    1654
    1672
    1724
    1743
    1796
    1697
    1711
    1737
    1675
    1698
    1640
    1625
    1701
    1704
    1680
    1666
    1655
    1614
    1663
    1682
    1723
    1680
    1679
    1613
    1669
    1660
    1662
    1623
    1648
    1685
    1659
    1677
    1697
    1642
    1698
    1612
    1691
    1631
    1709
    1629
    1682
    1628
    1702
    1705
    1752
    1642
    1632
    1721
    1717
    1599
    1581
    1618
    1627
    1689
    1615
    1690
    1649
    1714
    1661
    1696
    1691
    1711
    1679
    1645
    1690
    1631
    1627
    1686
    1659
    1725
    1724
    1771
    1816
    1619
    1643
    1608
    1668
    1591
    1646
    1600
    1690
    1626
    1613
    1625
    1636
    1574
    1654
    1595
    1647
    1642
    1634
    1614
    1683
    1569
    1572
    1615
    1665
    1558
    1658
    1576
    1621
    1577
    1624
    1605
    1571
    1635
    1584
    1570
    1624
    1624
    1596
    1651
    1558
    1631
    1596
    1598
    1619
    1662
    1583
    1625
    1620
    1571
    1586
    1530
    1624
    1600
    1543
    1515
    1588
    1699
    1618
    1640
    1514
    1629
    1552
    1623
    1550
    1602
    1629
    1544
    1645
    1687
    1652
    1639
    1580
    1607
    1654
    1589
    1611
    1582
    1630
    1679
    1593
    1590
    1560
    1646
    1597
    1681
    1571
    1571
    1591
    1629
    1680
    1581
    1566
    1603
    1610
    1606
    1593
    1572
    1576
    1685
    1566
    1566
    1662
    1606
    1553
    1621
    1618
    1572
    1583
    1598
    1492
    1563
    1629
    1647
    1646
    1549
    1580
    1632
    1561
    1575
    1638
    1555
    1593
    1592
    1572
    1620
    1574
    1538
    1630
    1542
    1591
    1631
    1597
    1596
    1590
    1729
    1848
    1797
    1692
    1573
    1553
    1617
    1602
    1551
    1563
    1613
    1596
    1544
    1606
    1622
    1587
    1545
    1588
    1562
    1549
    1651
    1543
    1607
    1557
    1541
    1578
    1605
    1652
    1544
    1641
    1496
    1642
    1605
    1587
    1629
    1568
    1513
    1620
    1589
    1518
    1537
    1603
    1627
    1551
    1537
    1631
    1610
    1575
    1546
    1613
    1621
    1596
    1576
    1595
    1537
    1577
    1548
    1599
    1604
    1645
    1627
    1560
    1525
    1578
    1532
    1493
    1576
    1546
    1591
    1622
    1553
    1514
    1671
    1592
    1656
    1565
    1568
    1603
    1604
    1564
    1654
    1633
    1618
    1537
    1582
    1587
    1563
    1654
    1529
    1630
    1587
    1617
    1504
    1548
    1592
    1576
    1581
    1619
    1567
    1587
    1581
    1594
    1597
    1565
    1591
    1609
    1505
    1595
    1620
    1565
    1565
    1548
    1607
    1601
    1574
    1547
    1582
    1568
    1684
    1521
    1619
    1606
    1597
    1585
    1542
    1564
    1591
    1598
    1509
    1531
    1568
    1622
    1655
    1556
    1602
    1639
    1606
    1533
    1609
    1691
    1572
    1556
    1605
    1579
    1611
    1563
    1568
    1561
    1562
    1601
    1608
    1548
    1600
    1633
    1627
    1549
    1625
    1648
    1578
    1607
    1591
    1628
    1660
    1646
    1563
    1653
    1600
    1607
    1673
    1665
    1526
    1656
    1681
    1558
    1667
    1641
    1623
    1534
    1614
    1689
    1547
    1677
    1530
    1636
    1616
    1704
    1694
    1617
    1658
    1746
    1818
    1931
    2208
    2539
    3238
    3855
    4824
    5661
    6334
    6440
    6138
    5266
    4434
    3487
    2911
    2378
    2026
    1841
    1772
    1678
    1633
    1617
    1593
    1635
    1560
    1599
    1578
    1597
    1617
    1606
    1610
    1582
    1592
    1652
    1627
    1613
    1638
    1581
    1638
    1590
    1582
    1647
    1625
    1538
    1764
    1672
    1587
    1577
    1617
    1647
    1636
    1698
    1638
    1614
    1676
    1638
    1604
    1603
    1633
    1659
    1620
    1576
    1651
    1677
    1663
    1620
    1620
    1668
    1583
    1650
    1637
    1672
    1685
    1734
    1648
    1660
    1619
    1612
    1678
    1678
    1642
    1589
    1526
    1640
    1646
    1693
    1715
    1698
    1640
    1603
    1623
    1640
    1644
    1629
    1692
    1661
    1631
    1722
    1693
    1628
    1647
    1573
    1660
    1647
    1628
    1711
    1666
    1582
    1629
    1641
    1673
    1610
    1624
    1706
    1610
    1620
    1652
    1618
    1667
    1698
    1733
    1655
    1694
    1740
    1949
    2637
    3814
    4778
    4508
    3311
    2223
    1794
    1669
    1652
    1751
    1687
    1736
    1705
    1607
    1710
    1766
    1795
    1755
    1615
    1680
    1661
    1724
    1702
    1713
    1714
    1671
    1740
    1742
    1674
    1773
    1737
    1744
    1745
    1719
    1754
    1696
    1728
    1675
    1731
    1743
    1687
    1706
    1759
    1741
    1760
    1807
    1748
    1708
    1713
    1740
    1775
    1715
    1732
    1749
    1701
    1768
    1717
    1636
    1787
    1736
    1792
    1718
    1755
    1714
    1720
    1856
    1769
    1719
    1693
    1748
    1881
    1788
    1840
    1784
    1762
    1734
    1748
    1730
    1814
    1687
    1804
    1795
    1743
    1848
    1745
    1797
    1823
    1789
    1771
    1753
    1728
    1809
    1769
    1758
    1772
    1734
    1800
    1793
    1826
    1809
    1818
    1741
    1800
    1746
    1802
    1715
    1867
    1786
    1777
    1886
    1905
    1855
    1835
    1810
    1974
    1989
    2050
    2024
    1934
    1864
    1859
    1893
    1886
    1815
    1749
    1864
    1818
    1862
    1821
    1879
    1880
    1876
    1844
    1841
    1802
    1845
    1899
    1791
    1851
    1882
    1905
    1861
    1920
    1878
    1924
    1908
    1946
    1879
    1969
    1903
    2000
    1945
    2002
    1918
    2021
    1930
    1917
    1948
    1935
    1915
    1948
    1737
    1851
    1930
    1895
    1897
    1915
    1909
    1879
    1865
    2006
    2080
    2134
    2263
    2239
    2135
    2238
    2480
    3050
    3425
    3392
    2667
    2190
    2024
    1895
    1985
    1926
    2010
    1864
    1994
    1969
    1890
    1985
    2034
    2069
    1985
    1981
    2032
    2019
    2030
    2006
    2097
    2020
    2045
    1917
    2088
    2065
    1962
    2042
    1948
    2025
    2091
    2061
    2034
    2048
    2057
    2050
    2097
    2070
    2027
    2100
    2041
    2073
    2082
    2104
    1989
    2013
    1987
    2166
    2061
    2086
    2067
    2116
    2068
    2151
    2138
    2057
    2089
    2060
    2044
    2045
    2041
    2150
    2103
    2083
    2044
    2050
    2088
    2129
    2114
    2153
    2126
    2005
    1991
    2146
    2075
    2054
    2002
    2059
    2002
    1998
    2009
    1983
    1910
    1923
    1835
    1912
    1891
    1820
    1790
    1737
    1773
    1664
    1764
    1714
    1661
    1631
    1623
    1595
    1676
    1656
    1589
    1539
    1564
    1581
    1585
    1599
    1580
    1632
    1548
    1519
    1548
    1542
    1527
    1537
    1549
    1532
    1447
    1626
    1488
    1548
    1503
    1480
    1517
    1459
    1509
    1509
    1535
    1532
    1533
    1521
    1528
    1447
    1496
    1505
    1503
    1479
    1438
    1514
    1447
    1442
    1434
    1415
    1465
    1499
    1408
    1408
    1399
    1411
    1494
    1413
    1412
    1409
    1419
    1447
    1447
    1445
    1448
    1434
    1402
    1392
    1455
    1438
    1394
    1362
    1391
    1409
    1415
    1418
    1369
    1384
    1369
    1358
    1345
    1419
    1331
    1420
    1329
    1420
    1385
    1396
    1369
    1334
    1350
    1307
    1370
    1373
    1375
    1356
    1348
    1339
    1286
    1347
    1324
    1333
    1349
    1388
    1307
    1331
    1303
    1315
    1384
    1343
    1326
    1388
    1368
    1354
    1314
    1300
    1280
    1294
    1312
    1366
    1508
    1635
    1908
    2081
    1881
    1508
    1385
    1290
    1237
    1327
    1354
    1252
    1232
    1241
    1291
    1243
    1273
    1285
    1305
    1234
    1203
    1328
    1222
    1201
    1268
    1229
    1280
    1224
    1244
    1290
    1269
    1267
    1188
    1282
    1176
    1206
    1252
    1263
    1179
    1227
    1257
    1258
    1196
    1180
    1237
    1165
    1184
    1182
    1127
    1165
    1140
    1243
    1216
    1168
    1156
    1217
    1126
    1161
    1131
    1131
    1208
    1156
    1121
    1174
    1162
    1176
    1141
    1146
    1103
    1108
    1129
    1108
    1121
    1102
    1089
    1107
    1124
    1123
    1035
    1066
    1136
    1052
    1014
    1158
    1081
    1099
    1114
    1102
    1078
    1066
    1042
    1066
    1084
    1069
    1109
    1052
    1112
    1083
    1050
    1032
    1062
    1048
    1075
    1093
     975
    1035
    1027
     998
    1088
    1052
    1062
    1070
    1048
    1070
    1022
    1021
    1061
     984
     981
    1069
    1069
    1012
    1021
     974
    1031
    1012
    1045
     994
    1003
    1018
     951
     940
    1062
    1045
     992
    1044
    1030
     977
     997
    1002
     967
    1016
    1064
     996
    1006
    1005
     976
     975
     971
     962
     958
     973
    1009
     990
     970
     990
     994
    1061
     995
     893
    1033
     991
     954
     972
     969
    1012
     976
     937
    1001
     987
     917
     929
    1072
    1012
     940
    1008
     975
     923
     999
    1000
    1018
     967
     999
     920
     991
     940
     992
     931
     976
     949
    1017
     973
    1002
     958
     955
     991
     993
    1029
     966
    1007
     930
    1034
     949
     946
     917
    1018
    1034
     969
     957
     933
     984
     980
    1171
    1296
    1779
    2686
    3429
    3253
    2397
    1662
    1148
    1051
    1023
     991
     955
     949
     926
     967
     950
     912
     986
     999
     955
     947
     982
     958
     940
     977
     994
     988
     998
     978
     955
    1001
     984
    1004
    1040
    1092
    1105
    1220
    1206
    1208
    1054
    1010
     972
    1004
     928
     940
     967
    1033
    1007
    1002
     986
     996
     951
     990
     963
     916
     951
     985
     999
     992
     943
     991
    1007
     949
     952
     945
    1016
     958
     943
     962
     997
    1032
     975
     968
     980
    1019
     986
     989
     992
     986
     968
     968
     985
     990
    1001
     981
    1000
    1011
    1032
     952
    1019
    1039
    1028
    1014
     969
    1047
     945
     918
     941
     954
     939
     924
     957
     993
    1006
     956
     977
     994
    1034
     971
     924
    1016
    1034
     950
     971
     952
     955
     934
     985
     984
     991
     987
     950
     975
    1004
     957
    1010
     938
    1019
     985
     995
     985
    1019
    1067
    1017
    1004
     995
    1022
     988
     995
     979
    1076
    1257
    1507
    1710
    1688
    1539
    1305
    1089
    1065
    1003
     985
    1000
    1027
    1038
    1015
    1066
    1006
    1054
    1013
    1024
    1060
    1089
     999
     998
    1007
    1003
     991
    1025
    1061
    1024
    1011
    1078
     979
    1071
    1043
    1034
    1058
    1079
    1056
    1159
    1120
    1130
    1163
    1153
    1121
    1168
    1155
    1281
    1359
    1553
    2531
    6695
   19669
   47912
   87094
  114865
  107962
   71798
   34172
   12157
    3644
    1564
    1276
    1071
    1066
    1094
    1062
    1072
    1071
    1097
    1041
    1036
    1029
     996
    1021
    1008
    1036
    1010
     995
    1059
    1108
    1137
    1170
    1282
    1290
    1270
    1251
    1205
    1129
    1066
    1053
    1053
     970
     964
     964
     959
     923
     933
     936
     925
     968
     965
     914
     976
     908
     990
     983
     999
     955
     988
     973
     937
     973
    1019
    1060
     989
     908
     938
     953
     961
     926
     910
     954
     948
     928
     924
     948
     958
     943
     947
     948
     969
     960
     957
     951
     978
     947
     980
     903
     926
     983
     940
     901
     945
     958
     970
     916
     912
    1062
     983
     955
     971
    1046
     937
     938
     983
     911
     983
     990
    1035
     912
     938
     946
     933
     972
     961
     976
     923
     931
    1000
     940
     948
     985
     944
     991
     990
     954
    1007
     917
     934
     940
     934
     952
     972
     992
     944
     962
     915
     980
     881
     980
     974
     932
     924
     984
     959
     959
     948
     914
     960
     959
     959
    1026
     967
     945
     998
     918
     992
     923
     964
     932
     937
     943
     970
     998
     947
     988
     977
     903
     939
     938
     976
    1010
     970
     945
     987
     985
     965
     963
     970
     941
     994
    1044
     932
     967
    1003
    1023
    1001
     965
    1010
    1005
     952
     917
     990
    1003
     987
     963
     996
     960
     940
    1000
     907
    1003
     991
     988
     943
     988
     978
    1035
     979
     962
     969
    1011
     960
    1002
    1028
     955
     999
     959
     968
    1022
     980
     964
    1015
     985
     953
     992
     954
    1007
     958
     945
     981
     951
     962
     995
     989
    1007
     979
     963
     987
     997
    1009
     946
     985
     971
     999
     962
    1000
     981
     976
     962
    1061
     936
    1034
    1037
    1030
     957
     964
     986
     942
     933
     974
     982
     986
     990
     908
    1032
     997
    1026
    1030
     997
    1010
    1006
    1011
     993
    1018
    1007
    1046
    1010
     947
    1017
     988
    1026
     998
     997
     991
     991
     991
     973
    1045
    1007
    1027
     998
     963
     972
    1002
     987
    1011
    1010
     988
    1023
     991
     894
     994
     999
    1016
     998
    1046
     991
    1023
    1021
     939
    1023
     993
    1074
    1002
    1037
    1038
    1016
    1003
    1022
    1089
    1040
    1002
    1025
    1087
    1060
     957
    1039
    1088
    1008
     993
    1055
     969
    1086
     989
    1006
    1020
    1015
    1020
     924
    1011
    1019
    1059
     980
    1004
    1061
    1066
    1057
    1015
    1111
     997
     981
    1013
    1038
     986
    1029
    1088
     994
    1094
    1061
     999
    1034
    1025
    1065
    1000
    1039
    1068
    1082
    1070
    1082
    1016
    1036
    1080
    1024
    1006
    1034
    1053
    1078
     977
    1036
    1036
    1057
    1117
    1069
    1063
    1045
     995
    1102
    1081
    1020
    1040
    1018
    1062
    1040
    1058
     989
    1058
    1091
    1006
    1075
    1034
    1048
    1052
    1065
    1032
    1073
    1082
    1059
    1013
    1032
    1039
    1030
    1106
    1061
    1077
    1091
    1100
    1092
    1044
    1042
    1115
    1044
    1075
    1098
    1135
    1130
    1020
    1128
    1088
    1103
    1061
    1063
    1086
    1099
    1088
    1023
    1072
    1039
    1049
    1021
    1118
    1054
    1058
    1120
    1057
    1091
    1142
    1121
    1035
    1090
    1098
    1095
    1047
    1097
    1068
    1114
    1140
    1063
    1121
     995
    1035
    1121
    1119
    1034
    1061
    1117
    1105
    1133
    1052
    1086
    1138
    1161
    1093
    1094
    1071
    1081
    1113
    1111
    1158
    1163
    1060
    1103
    1126
    1110
    1074
    1105
    1089
    1111
    1079
    1142
    1137
    1087
    1096
    1146
    1114
    1120
    1107
    1092
    1107
    1107
    1112
    1112
    1175
    1152
    1160
    1148
    1158
    1093
    1081
    1061
    1156
    1110
    1149
    1133
    1160
    1135
    1130
    1104
    1154
    1167
    1225
    1156
    1127
    1182
    1186
    1219
    1187
    1192
    1137
    1230
    1145
    1228
    1177
    1178
    1171
    1145
    1105
    1172
    1129
    1217
    1354
    1461
    1695
    1743
    1644
    1495
    1418
    1236
    1226
    1185
    1143
    1237
    1114
    1194
    1175
    1183
    1212
    1204
    1176
    1249
    1198
    1169
    1173
    1206
    1242
    1201
    1168
    1240
    1201
    1159
    1218
    1165
    1165
    1199
    1205
    1213
    1188
    1176
    1184
    1187
    1187
    1251
    1236
    1192
    1164
    1228
    1226
    1242
    1181
    1162
    1200
    1255
    1228
    1229
    1218
    1126
    1225
    1201
    1191
    1198
    1254
    1202
    1220
    1226
    1205
    1188
    1192
    1220
    1224
    1229
    1170
    1217
    1209
    1252
    1166
    1283
    1274
    1266
    1229
    1214
    1207
    1240
    1268
    1208
    1249
    1227
    1253
    1261
    1240
    1286
    1216
    1269
    1218
    1239
    1265
    1245
    1292
    1302
    1306
    1249
    1224
    1318
    1255
    1239
    1328
    1273
    1329
    1255
    1269
    1309
    1310
    1296
    1308
    1278
    1304
    1287
    1282
    1331
    1311
    1275
    1305
    1315
    1332
    1309
    1248
    1335
    1293
    1249
    1378
    1467
    1440
    1515
    1525
    1550
    1402
    1398
    1359
    1341
    1362
    1356
    1262
    1368
    1356
    1364
    1271
    1281
    1381
    1336
    1339
    1415
    1334
    1366
    1373
    1335
    1401
    1316
    1385
    1428
    1350
    1391
    1371
    1355
    1346
    1353
    1382
    1355
    1389
    1355
    1363
    1427
    1389
    1383
    1425
    1369
    1410
    1378
    1369
    1403
    1376
    1375
    1378
    1408
    1419
    1435
    1405
    1384
    1463
    1399
    1343
    1423
    1457
    1407
    1408
    1462
    1496
    1423
    1415
    1402
    1370
    1426
    1452
    1393
    1496
    1499
    1496
    1516
    1506
    1491
    1468
    1485
    1476
    1436
    1469
    1466
    1467
    1532
    1478
    1511
    1478
    1471
    1548
    1491
    1428
    1461
    1467
    1515
    1475
    1470
    1481
    1476
    1561
    1487
    1493
    1577
    1488
    1548
    1479
    1539
    1574
    1511
    1554
    1473
    1553
    1624
    1548
    1539
    1456
    1581
    1505
    1525
    1594
    1535
    1574
    1610
    1562
    1575
    1560
    1518
    1477
    1606
    1597
    1632
    1546
    1544
    1531
    1543
    1618
    1622
    1546
    1578
    1575
    1604
    1611
    1581
    1652
    1589
    1567
    1589
    1597
    1651
    1591
    1612
    1580
    1582
    1583
    1574
    1570
    1590
    1554
    1566
    1602
    1560
    1594
    1464
    1543
    1538
    1544
    1485
    1471
    1437
    1428
    1430
    1368
    1380
    1382
    1334
    1301
    1281
    1286
    1247
    1305
    1261
    1197
    1215
    1210
    1194
    1161
    1227
    1225
    1130
    1120
    1208
    1127
    1172
    1095
    1051
    1154
    1170
    1074
    1089
    1123
    1096
    1086
    1069
    1055
    1081
    1082
    1101
    1097
    1071
    1073
    1059
    1121
    1053
    1097
    1047
    1037
    1059
    1056
    1040
    1031
    1073
    1073
    1090
    1106
    1146
    1148
    1158
    1113
    1109
    1039
    1017
    1027
    1015
     986
    1083
    1022
    1010
    1034
    1043
     989
    1018
    1074
    1040
    1058
    1008
     996
     988
     971
    1004
    1024
    1033
    1014
     950
    1027
     950
     971
    1042
     973
     937
    1008
     964
    1022
     969
     981
     900
     946
     930
     928
     980
     937
     966
     928
     923
     952
     948
     977
     983
     978
     968
     976
     954
     937
     989
     915
     968
     869
     940
     928
     895
     953
     923
     939
     879
     897
     945
     922
     938
     926
     884
     898
     865
     895
     910
     935
     920
     879
     912
     891
     907
     902
     948
     916
     894
     902
     837
     855
     871
     894
     845
     869
     930
     823
     870
     875
     853
     845
     870
     826
     883
     811
     865
     780
     817
     839
     849
     846
     787
     795
     829
     817
     838
     808
     850
     848
     870
     819
     819
     803
     809
     839
     805
     817
     768
     856
     806
     814
     828
     832
     803
     755
     755
     833
     795
     765
     762
     762
     740
     748
     767
     790
     762
     712
     807
     747
     719
     804
     752
     726
     764
     755
     757
     780
     693
     673
     722
     690
     709
     708
     760
     710
     682
     702
     754
     723
     778
     720
     678
     724
     710
     654
     704
     724
     719
     771
     703
     719
     665
     655
     696
     619
     643
     690
     650
     613
     643
     688
     613
     648
     677
     613
     624
     647
     639
     616
     602
     649
     618
     607
     610
     593
     644
     597
     646
     571
     612
     617
     595
     611
     612
     581
     609
     594
     641
     590
     601
     585
     620
     549
     600
     550
     546
     592
     575
     588
     584
     560
     561
     569
     579
     521
     555
     550
     524
     547
     512
     529
     574
     504
     544
     500
     560
     519
     552
     550
     524
     566
     531
     532
     534
     558
     563
     557
     458
     520
     505
     513
     495
     529
     511
     495
     454
     501
     529
     546
     492
     497
     535
     518
     547
     486
     484
     485
     529
     495
     485
     485
     492
     457
     474
     505
     483
     495
     514
     487
     542
     484
     491
     474
     484
     485
     497
     499
     497
     481
     439
     528
     481
     485
     491
     497
     486
     468
     445
     465
     477
     507
     485
     442
     486
     488
     425
     473
     477
     454
     465
     475
     543
     471
     445
     529
     507
     522
     621
     632
     706
     669
     573
     512
     495
     494
     492
     489
     554
     555
     540
     611
     617
     646
     655
     631
     687
     746
     711
     690
     598
     573
     549
     504
     467
     475
     442
     469
     479
     456
     520
     461
     514
     471
     477
     497
     464
     483
     463
     460
     473
     448
     454
     450
     458
     454
     454
     469
     445
     420
     435
     467
     474
     462
     443
     434
     467
     449
     445
     476
     499
     516
     600
     728
     904
     932
     911
     811
     689
     548
     533
     472
     483
     455
     426
     456
     469
     471
     447
     488
     465
     469
     449
     456
     459
     429
     436
     480
     477
     447
     473
     484
     458
     481
     456
     484
     507
     492
     482
     511
     533
     572
     608
     582
     531
     447
     462
     483
     472
     425
     481
     420
     477
     454
     500
     445
     487
     455
     474
     418
     481
     478
     441
     478
     482
     474
     455
     464
     500
     470
     443
     457
     482
     458
     488
     472
     446
     420
     440
     491
     504
     536
     504
     469
     466
     473
     491
     483
     441
     514
     485
     467
     464
     487
     481
     478
     497
     492
     478
     496
     516
     481
     502
     457
     449
     510
     522
     485
     473
     504
     467
     467
     482
     520
     492
     536
     527
     539
     511
     515
     528
     476
     495
     527
     528
     498
     524
     534
     525
     540
     562
     560
     542
     567
     615
     655
     678
     857
    1253
    2569
    6380
   15240
   32109
   56203
   80602
   93841
   87470
   64764
   39043
   18483
    7365
    2481
    1010
     591
     490
     416
     462
     455
     462
     421
     415
     425
     434
     472
     405
     437
     420
     435
     419
     424
     403
     382
     447
     459
     421
     441
     396
     415
     420
     448
     362
     413
     404
     436
     406
     395
     386
     381
     415
     390
     391
     416
     426
     419
     390
     411
     436
     413
     378
     432
     400
     426
     418
     369
     432
     393
     396
     425
     378
     399
     399
     403
     422
     399
     400
     383
     410
     484
     412
     419
     428
     443
     426
     401
     458
     366
     392
     413
     397
     406
     420
     391
     450
     375
     361
     368
     404
     400
     383
     390
     392
     404
     390
     391
     403
     408
     379
     436
     430
     420
     395
     385
     437
     409
     402
     393
     393
     426
     415
     395
     431
     397
     415
     361
     390
     429
     379
     411
     410
     397
     441
     414
     418
     402
     418
     419
     379
     386
     393
     406
     417
     389
     409
     385
     429
     432
     432
     392
     397
     382
     418
     383
     406
     423
     382
     419
     382
     429
     397
     422
     380
     418
     387
     389
     405
     419
     394
     432
     425
     364
     419
     432
     401
     405
     424
     389
     411
     435
     398
     437
     434
     411
     420
     431
     393
     459
     416
     415
     428
     389
     414
     414
     441
     399
     411
     354
     409
     413
     403
     406
     414
     419
     400
     388
     414
     395
     413
     411
     416
     407
     413
     377
     377
     413
     395
     403
     421
     436
     419
     412
     416
     404
     420
     401
     382
     401
     401
     417
     404
     402
     389
     436
     389
     413
     386
     396
     414
     400
     406
     441
     394
     402
     414
     419
     374
     426
     401
     383
     414
     390
     390
     430
     424
     447
     416
     442
     435
     419
     421
     438
     416
     423
     442
     388
     426
     446
     423
     434
     467
     353
     441
     375
     389
     416
     395
     411
     427
     421
     408
     409
     412
     388
     373
     413
     404
     418
     407
     383
     416
     399
     447
     487
     446
     596
     628
     686
     652
     628
     547
     466
     429
     439
     428
     458
     419
     428
     377
     397
     404
     409
     450
     424
     422
     430
     404
     452
     372
     390
     380
     438
     387
     406
     413
     422
     400
     421
     456
     409
     406
     383
     425
     411
     442
     408
     414
     429
     417
     391
     427
     387
     408
     405
     453
     425
     392
     420
     415
     425
     382
     403
     425
     404
     401
     417
     438
     423
     434
     396
     422
     453
     431
     417
     430
     387
     448
     448
     420
     426
     444
     427
     424
     445
     438
     450
     434
     407
     377
     408
     421
     396
     452
     444
     413
     439
     430
     406
     456
     400
     445
     418
     425
     416
     448
     390
     425
     448
     439
     407
     436
     434
     438
     440
     431
     433
     417
     412
     426
     419
     389
     431
     460
     412
     439
     412
     452
     409
     434
     393
     417
     437
     413
     452
     426
     395
     416
     426
     459
     482
     486
     456
     446
     496
     526
     492
     478
     461
     429
     432
     470
     405
     431
     418
     441
     403
     435
     457
     437
     415
     454
     415
     442
     432
     486
     411
     450
     443
     450
     446
     416
     430
     409
     457
     466
     424
     430
     469
     435
     476
     453
     471
     411
     425
     472
     459
     453
     409
     428
     434
     461
     441
     434
     462
     447
     449
     451
     419
     461
     474
     417
     420
     421
     465
     451
     437
     470
     442
     437
     456
     441
     446
     473
     451
     471
     439
     464
     447
     436
     421
     440
     426
     416
     458
     464
     481
     456
     419
     446
     460
     481
     469
     466
     458
     481
     463
     447
     474
     463
     456
     469
     457
     468
     439
     441
     443
     465
     452
     443
     468
     456
     447
     439
     445
     465
     421
     426
     429
     463
     485
     458
     474
     458
     467
     473
     453
     498
     472
     451
     489
     467
     419
     509
     480
     482
     469
     476
     441
     448
     439
     459
     497
     483
     482
     444
     484
     481
     467
     458
     485
     462
     417
     506
     498
     448
     444
     465
     481
     497
     411
     509
     452
     435
     468
     431
     434
     433
     437
     465
     432
     404
     489
     452
     429
     456
     426
     406
     383
     461
     439
     448
     417
     441
     401
     431
     429
     419
     457
     465
     399
     410
     417
     425
     399
     384
     382
     416
     429
     431
     470
     435
     461
     412
     405
     433
     442
     428
     434
     469
     431
     514
     571
     557
     637
     613
     645
     631
     617
     551
     519
     513
     478
     487
     448
     415
     411
     402
     394
     426
     398
     388
     388
     434
     343
     401
     367
     395
     397
     463
     457
     413
     432
     408
     411
     409
     392
     399
     404
     394
     376
     422
     359
     359
     389
     445
     397
     432
     376
     415
     423
     412
     409
     414
     395
     376
     363
     416
     405
     376
     401
     384
     409
     387
     430
     418
     375
     409
     415
     374
     383
     406
     398
     410
     401
     411
     409
     436
     399
     416
     385
     356
     381
     390
     394
     386
     402
     419
     405
     407
     395
     359
     414
     394
     417
     440
     462
     457
     433
     389
     384
     440
     371
     396
     407
     405
     405
     427
     401
     407
     441
     406
     366
     441
     453
     426
     473
     434
     424
     409
     404
     447
     411
     387
     393
     384
     381
     416
     384
     399
     367
     368
     384
     395
     386
     385
     408
     347
     443
     414
     409
     385
     394
     354
     410
     374
     369
     391
     390
     381
     352
     382
     360
     423
     395
     424
     396
     386
     383
     415
     395
     375
     382
     364
     391
     398
     382
     402
     337
     369
     391
     393
     383
     355
     364
     338
     368
     408
     383
     345
     389
     386
     367
     359
     391
     387
     387
     365
     396
     367
     349
     402
     367
     385
     374
     346
     366
     359
     398
     381
     374
     389
     382
     359
     386
     353
     355
     353
     369
     368
     372
     394
     416
     404
     359
     342
     382
     380
     337
     373
     368
     389
     401
     369
     357
     373
     406
     398
     366
     373
     369
     357
     361
     354
     373
     364
     374
     335
     361
     369
     375
     374
     348
     379
     369
     323
     367
     391
     328
     376
     372
     322
     340
     392
     328
     327
     370
     359
     360
     311
     345
     379
     340
     371
     358
     346
     369
     356
     391
     352
     347
     343
     364
     378
     347
     370
     355
     356
     368
     369
     352
     341
     355
     338
     341
     364
     355
     365
     399
     344
     331
     344
     364
     357
     360
     343
     317
     331
     332
     364
     358
     329
     336
     350
     327
     357
     321
     331
     335
     356
     342
     344
     366
     374
     370
     368
     369
     361
     332
     393
     369
     355
     328
     345
     352
     364
     305
     341
     351
     374
     349
     328
     360
     330
     306
     366
     359
     336
     368
     385
     353
     356
     377
     358
     339
     363
     335
     328
     352
     335
     335
     392
     359
     409
     440
     570
     896
    1433
    2177
    3006
    3664
    3924
    3519
    3005
    2179
    1332
     914
     582
     489
     415
     463
     391
     435
     422
     391
     393
     404
     416
     394
     446
     405
     405
     399
     366
     386
     390
     407
     387
     398
     373
     370
     421
     383
     404
     392
     405
     417
     368
     383
     413
     411
     389
     419
     411
     396
     354
     380
     408
     403
     368
     365
     387
     433
     384
     421
     383
     412
     401
     386
     346
     365
     413
     397
     387
     400
     413
     434
     394
     421
     385
     434
     411
     401
     371
     390
     397
     396
     376
     399
     420
     421
     386
     430
     372
     400
     389
     417
     418
     413
     376
     403
     417
     424
     404
     410
     387
     389
     391
     410
     391
     394
     401
     407
     410
     403
     428
     367
     407
     352
     384
     397
     379
     387
     399
     362
     407
     395
     367
     421
     435
     420
     386
     424
     441
     406
     413
     392
     401
     416
     394
     417
     382
     429
     416
     393
     395
     434
     403
     419
     373
     405
     418
     421
     393
     431
     401
     422
     407
     408
     438
     436
     415
     415
     457
     415
     393
     411
     394
     375
     426
     422
     431
     407
     424
     417
     383
     409
     389
     393
     409
     426
     376
     420
     423
     390
     398
     420
     437
     408
     390
     389
     405
     441
     410
     392
     365
     377
     430
     391
     447
     404
     408
     407
     433
     421
     415
     411
     429
     430
     424
     470
     428
     419
     435
     419
     429
     433
     447
     501
     724
    1023
    1761
    3138
    5298
    7676
    9718
   10502
    9758
    7730
    5314
    3138
    1764
     927
     573
     466
     442
     409
     395
     365
     437
     428
     369
     411
     428
     417
     426
     402
     406
     431
     415
     452
     411
     428
     480
     431
     445
     408
     410
     404
     417
     410
     430
     433
     421
     422
     414
     432
     418
     441
     399
     422
     381
     387
     419
     412
     394
     392
     412
     404
     440
     427
     423
     421
     421
     380
     430
     425
     430
     438
     389
     426
     438
     405
     391
     418
     407
     409
     386
     369
     408
     385
     445
     408
     422
     416
     389
     409
     412
     437
     426
     421
     407
     412
     430
     425
     421
     394
     435
     442
     389
     405
     430
     387
     388
     398
     415
     450
     398
     406
     412
     454
     427
     454
     454
     397
     444
     414
     411
     406
     397
     402
     404
     433
     465
     440
     431
     438
     419
     431
     438
     423
     375
     430
     436
     465
     426
     405
     402
     419
     426
     421
     443
     416
     425
     443
     439
     446
     383
     426
     454
     424
     420
     456
     440
     400
     421
     390
     424
     438
     447
     417
     394
     424
     432
     470
     433
     402
     450
     483
     479
     482
     483
     529
     472
     462
     489
     494
     458
     455
     468
     441
     455
     413
     454
     425
     442
     443
     450
     457
     441
     493
     442
     439
     478
     466
     480
     446
     399
     473
     446
     419
     459
     489
     415
     428
     421
     413
     436
     452
     437
     448
     415
     386
     427
     413
     442
     387
     431
     387
     425
     386
     445
     433
     453
     363
     437
     432
     410
     400
     421
     395
     397
     396
     407
     414
     425
     423
     407
     389
     414
     419
     392
     396
     428
     382
     386
     423
     424
     369
     407
     403
     415
     413
     459
     396
     443
     416
     406
     383
     425
     410
     393
     399
     445
     419
     400
     412
     405
     389
     439
     421
     365
     469
     445
     412
     407
     410
     400
     432
     452
     403
     383
     431
     381
     392
     351
     381
     410
     415
     431
     397
     412
     381
     434
     415
     399
     367
     447
     406
     400
     413
     388
     410
     432
     414
     405
     397
     360
     426
     433
     416
     419
     413
     420
     427
     434
     387
     404
     423
     441
     395
     425
     369
     443
     402
     424
     408
     406
     416
     444
     424
     414
     429
     436
     430
     412
     403
     450
     438
     408
     461
     462
     384
     384
     414
     414
     400
     372
     436
     367
     410
     433
     425
     452
     439
     398
     401
     403
     398
     367
     406
     433
     430
     381
     441
     399
     419
     431
     433
     403
     423
     427
     435
     462
     412
     392
     425
     400
     403
     431
     401
     441
     389
     402
     423
     461
     387
     379
     439
     372
     385
     430
     418
     419
     428
     416
     422
     443
     378
     442
     374
     378
     364
     438
     405
     430
     378
     413
     417
     415
     385
     387
     433
     373
     384
     386
     421
     421
     374
     397
     415
     403
     424
     409
     404
     412
     412
     391
     423
     422
     408
     404
     426
     399
     433
     396
     423
     376
     402
     369
     412
     427
     396
     399
     393
     419
     429
     385
     437
     388
     364
     416
     426
     394
     405
     453
     376
     440
     421
     388
     408
     424
     395
     400
     394
     422
     412
     425
     393
     387
     403
     410
     424
     393
     404
     384
     437
     386
     415
     422
     427
     427
     411
     390
     397
     398
     384
     435
     422
     390
     354
     401
     417
     433
     405
     391
     406
     381
     412
     396
     417
     424
     367
     405
     415
     405
     408
     388
     405
     399
     416
     415
     406
     374
     392
     412
     401
     379
     388
     421
     407
     334
     405
     380
     363
     401
     367
     387
     436
     430
     410
     403
     377
     404
     444
     408
     437
     431
     401
     437
     430
     411
     439
     428
     380
     422
     403
     394
     448
     387
     435
     461
     455
     416
     440
     447
     439
     406
     444
     469
     419
     423
     434
     420
     400
     416
     384
     420
     366
     398
     389
     385
     411
     413
     397
     394
     399
     409
     429
     406
     422
     402
     392
     404
     439
     425
     426
     412
     436
     471
     407
     397
     419
     440
     360
     396
     431
     425
     418
     425
     424
     449
     408
     424
     461
     454
     409
     396
     400
     394
     374
     388
     464
     435
     438
     411
     408
     362
     422
     447
     416
     434
     426
     418
     451
     404
     434
     418
     406
     380
     435
     406
     373
     372
     435
     391
     419
     445
     419
     401
     445
     414
     398
     446
     403
     427
     414
     411
     403
     403
     422
     372
     447
     412
     407
     419
     423
     441
     436
     448
     431
     382
     432
     430
     410
     435
     435
     404
     420
     414
     448
     402
     434
     439
     460
     418
     462
     387
     422
     391
     456
     394
     423
     464
     419
     416
     445
     421
     377
     436
     430
     407
     438
     409
     451
     405
     416
     424
     426
     422
     444
     447
     444
     415
     450
     428
     426
     412
     441
     458
     396
     443
     435
     396
     413
     453
     387
     414
     381
     397
     434
     387
     384
     410
     411
     413
     378
     432
     391
     412
     418
     445
     405
     426
     402
     404
     425
     416
     378
     378
     402
     361
     405
     430
     415
     436
     423
     439
     424
     413
     383
     408
     399
     389
     400
     441
     396
     414
     364
     407
     376
     396
     402
     414
     369
     368
     422
     418
     389
     387
     395
     372
     393
     383
     429
     379
     401
     431
     431
     479
     423
     454
     441
     414
     417
     392
     422
     388
     407
     376
     413
     367
     393
     393
     415
     411
     382
     402
     422
     386
     402
     403
     393
     378
     359
     424
     404
     382
     423
     425
     419
     381
     407
     390
     380
     415
     413
     403
     394
     376
     430
     418
     409
     465
     476
     565
     775
    1202
    1741
    2631
    3762
    4340
    4935
    4533
    3779
    2806
    1919
    1170
     762
     535
     478
     412
     370
     408
     403
     392
     384
     362
     383
     404
     399
     402
     373
     394
     397
     401
     367
     399
     405
     380
     384
     419
     388
     371
     409
     389
     364
     390
     388
     386
     379
     376
     439
     399
     392
     390
     413
     417
     387
     426
     421
     357
     411
     402
     400
     404
     385
     405
     335
     386
     372
     414
     375
     405
     372
     395
     384
     365
     394
     389
     419
     377
     407
     404
     418
     398
     398
     371
     369
     376
     393
     387
     380
     408
     432
     397
     413
     429
     373
     452
     375
     420
     443
     436
     402
     454
     429
     434
     397
     397
     357
     390
     371
     372
     392
     396
     395
     402
     397
     406
     386
     385
     390
     386
     420
     385
     373
     355
     389
     413
     344
     426
     343
     365
     384
     403
     383
     378
     411
     370
     375
     407
     398
     392
     441
     363
     379
     397
     401
     390
     386
     368
     388
     396
     396
     411
     420
     424
     402
     430
     431
     415
     400
     407
     394
     380
     410
     400
     441
     363
     373
     381
     416
     359
     389
     409
     358
     396
     404
     360
     372
     415
     418
     387
     389
     417
     386
     381
     383
     385
     370
     419
     432
     393
     411
     398
     382
     394
     399
     371
     369
     388
     371
     388
     406
     386
     442
     419
     371
     402
     395
     341
     401
     388
     391
     412
     426
     394
     394
     376
     392
     424
     388
     395
     403
     420
     397
     409
     381
     403
     394
     408
     387
     406
     399
     420
     389
     422
     407
     366
     372
     414
     398
     423
     444
     375
     367
     394
     395
     396
     375
     411
     451
     411
     416
     421
     397
     379
     408
     404
     413
     392
     403
     373
     398
     476
     394
     406
     415
     400
     391
     393
     415
     391
     411
     408
     391
     416
     421
     412
     394
     450
     429
     405
     406
     395
     419
     433
     423
     427
     402
     375
     400
     433
     372
     425
     432
     386
     428
     413
     413
     390
     408
     418
     423
     491
     405
     408
     413
     390
     432
     394
     426
     432
     433
     406
     397
     433
     418
     435
     452
     396
     395
     431
     435
     397
     394
     406
     470
     425
     393
     455
     419
     393
     413
     400
     439
     422
     466
     475
     433
     436
     400
     413
     417
     402
     462
     440
     434
     445
     422
     422
     470
     485
     524
     502
     582
     668
     799
     958
    1250
    1711
    2329
    3016
    3674
    4322
    4603
    4661
    4570
    4292
    3546
    3005
    2308
    1721
    1303
     968
     769
     663
     563
     543
     523
     495
     430
     512
     492
     510
     467
     453
     464
     462
     433
     473
     432
     471
     469
     462
     450
     480
     501
     465
     461
     457
     468
     473
     456
     508
     460
     467
     441
     481
     480
     458
     475
     423
     438
     441
     457
     480
     466
     462
     459
     473
     454
     434
     416
     475
     494
     437
     426
     435
     441
     432
     438
     462
     454
     482
     425
     442
     451
     475
     464
     452
     455
     484
     467
     494
     471
     476
     483
     462
     442
     422
     498
     457
     431
     466
     449
     462
     505
     480
     419
     471
     485
     488
     509
     459
     443
     479
     470
     469
     470
     463
     491
     461
     474
     463
     460
     491
     447
     463
     452
     496
     459
     473
     420
     453
     456
     435
     452
     499
     486
     446
     474
     468
     479
     487
     448
     509
     464
     461
     440
     481
     475
     460
     476
     462
     485
     499
     439
     475
     498
     435
     470
     473
     447
     444
     447
     453
     445
     464
     498
     472
     449
     518
     423
     447
     430
     480
     519
     474
     506
     477
     457
     498
     453
     499
     467
     481
     497
     455
     469
     482
     486
     496
     471
     491
     437
     482
     482
     442
     500
     513
     455
     479
     486
     479
     458
     540
     454
     483
     470
     476
     494
     475
     522
     503
     510
     481
     497
     462
     493
     479
     451
     489
     486
     488
     505
     484
     451
     466
     490
     466
     526
     471
     507
     538
     514
     497
     507
     487
     473
     499
     457
     478
     501
     519
     477
     523
     510
     453
     541
     510
     461
     501
     508
     501
     507
     481
     492
     459
     468
     478
     485
     505
     513
     483
     527
     479
     517
     476
     497
     502
     493
     510
     489
     484
     557
     483
     495
     510
     450
     519
     531
     483
     463
     512
     473
     508
     498
     502
     485
     529
     506
     524
     470
     474
     510
     502
     469
     510
     537
     510
     515
     483
     544
     493
     484
     541
     529
     517
     528
     512
     444
     511
     509
     461
     496
     489
     502
     513
     523
     526
     512
     531
     526
     489
     508
     535
     509
     501
     477
     526
     471
     505
     518
     534
     507
     481
     504
     506
     507
     474
     505
     514
     521
     526
     500
     547
     511
     485
     509
     479
     494
     489
     502
     500
     511
     516
     576
     555
     515
     499
     536
     495
     537
     526
     510
     516
     523
     533
     509
     485
     506
     468
     496
     504
     488
     492
     501
     546
     522
     492
     517
     550
     489
     509
     519
     499
     523
     543
     521
     554
     533
     515
     542
     514
     511
     547
     542
     517
     536
     523
     490
     470
     506
     515
     541
     571
     531
     510
     519
     543
     508
     542
     545
     553
     553
     550
     541
     554
     527
     550
     541
     548
     540
     548
     534
     539
     530
     543
     569
     492
     551
     529
     497
     552
     536
     551
     570
     575
     541
     572
     531
     512
     538
     569
     552
     569
     507
     506
     537
     579
     568
     524
     527
     542
     569
     607
     534
     535
     557
     582
     555
     544
     527
     540
     547
     554
     516
     518
     535
     545
     532
     556
     544
     574
     521
     554
     570
     576
     575
     574
     618
     541
     604
     548
     574
     586
     555
     539
     590
     543
     551
     573
     588
     568
     536
     598
     595
     584
     546
     552
     577
     554
     597
     574
     630
     574
     550
     592
     555
     555
     565
     627
     584
     588
     560
     608
     605
     573
     614
     575
     561
     590
     600
     589
     614
     601
     612
     572
     632
     612
     546
     603
     592
     573
     629
     595
     565
     619
     583
     525
     543
     619
     569
     582
     601
     607
     553
     602
     579
     570
     615
     597
     606
     589
     591
     554
     647
     601
     606
     593
     647
     638
     624
     622
     620
     599
     602
     672
     640
     592
     647
     613
     635
     664
     630
     635
     668
     586
     651
     664
     621
     591
     624
     638
     602
     623
     641
     610
     622
     628
     629
     660
     614
     581
     590
     612
     643
     635
     565
     614
     634
     601
     622
     636
     614
     647
     659
     642
     626
     629
     697
     652
     602
     611
     617
     642
     610
     681
     680
     664
     589
     626
     583
     653
     605
     627
     648
     668
     650
     654
     630
     670
     615
     640
     608
     602
     615
     683
     594
     669
     638
     641
     703
     645
     673
     612
     660
     654
     648
     679
     655
     677
     614
     653
     666
     666
     689
     629
     696
     611
     653
     671
     653
     668
     664
     690
     639
     666
     661
     611
     664
     635
     659
     644
     642
     702
     633
     647
     690
     679
     660
     691
     692
     638
     656
     687
     695
     704
     710
     678
     711
     731
     738
     694
     683
     691
     696
     712
     709
     662
     683
     696
     657
     737
     717
     696
     685
     653
     684
     690
     699
     743
     703
     750
     743
     724
     692
     684
     664
     740
     718
     735
     733
     697
     724
     723
     686
     742
     723
     744
     683
     737
     688
     726
     714
     778
     726
     733
     743
     733
     694
     737
     719
     688
     721
     719
     731
     701
     686
     692
     735
     772
     705
     691
     751
     710
     711
     709
     701
     729
     714
     707
     683
     666
     701
     666
     690
     717
     670
     644
     661
     677
     623
     656
     668
     652
     754
     763
     773
     871
     807
     790
     714
     695
     622
     599
     618
     579
     551
     544
     563
     577
     578
     512
     510
     523
     494
     546
     521
     535
     499
     517
     547
     516
     544
     484
     564
     538
     468
     527
     511
     501
     498
     517
     479
     513
     508
     512
     501
     498
     468
     531
     491
     466
     506
     469
     483
     447
     516
     470
     467
     488
     451
     465
     486
     463
     444
     485
     513
     485
     459
     454
     478
     442
     461
     485
     503
     478
     499
     460
     463
     533
     444
     532
     449
     488
     498
     453
     461
     468
     471
     478
     428
     432
     425
     480
     430
     428
     458
     468
     445
     467
     444
     473
     464
     440
     465
     433
     413
     484
     457
     430
     422
     466
     469
     446
     453
     465
     448
     458
     448
     436
     477
     464
     446
     473
     452
     456
     441
     413
     440
     408
     447
     450
     444
     455
     413
     444
     405
     435
     438
     464
     417
     420
     394
     414
     411
     407
     393
     411
     379
     419
     414
     429
     403
     414
     405
     379
     407
     384
     417
     382
     404
     363
     415
     402
     370
     389
     442
     415
     422
     389
     389
     378
     379
     395
     415
     378
     395
     403
     380
     378
     365
     366
     355
     374
     415
     401
     387
     376
     394
     406
     361
     365
     422
     368
     382
     367
     390
     391
     360
     393
     364
     367
     368
     388
     380
     339
     352
     358
     320
     351
     348
     367
     363
     344
     365
     336
     363
     353
     388
     325
     374
     338
     346
     331
     322
     367
     356
     341
     352
     330
     334
     352
     354
     321
     299
     339
     317
     315
     362
     339
     306
     326
     339
     327
     370
     325
     294
     299
     309
     284
     295
     317
     266
     314
     297
     317
     308
     301
     318
     274
     281
     274
     295
     294
     276
     284
     286
     304
     308
     275
     277
     283
     306
     276
     272
     291
     271
     281
     286
     269
     265
     240
     254
     267
     249
     244
     239
     229
     258
     251
     279
     243
     228
     240
     265
     268
     255
     217
     243
     219
     244
     224
     232
     249
     262
     223
     227
     236
     258
     232
     205
     232
     230
     238
     215
     212
     203
     234
     201
     202
     199
     222
     219
     178
     197
     210
     218
     189
     203
     221
     201
     194
     187
     194
     193
     222
     197
     175
     189
     188
     188
     183
     193
     204
     183
     173
     187
     181
     186
     167
     189
     207
     186
     196
     172
     194
     190
     157
     147
     176
     176
     200
     163
     161
     177
     206
     199
     183
     236
     298
     365
     498
     648
     796
     904
     950
     889
     808
     644
     461
     349
     251
     198
     192
     162
     146
     121
     154
     148
     176
     141
     123
     159
     189
     149
     145
     135
     136
     153
     164
     136
     137
     145
     138
     154
     127
     142
     153
     144
     142
     139
     160
     139
     146
     156
     136
     140
     145
     146
     127
     136
     114
     140
     146
     150
     128
     123
     139
     149
     135
     147
     141
     145
     139
     127
     115
     140
     118
     131
     134
     128
     124
     146
     130
     137
     124
     144
     117
     109
     137
     139
     134
     127
     123
     147
     142
     144
     144
     138
     127
     129
     139
     133
     121
     120
     119
     136
     123
     115
     126
     138
     133
     146
     126
     124
     149
     127
     125
     130
     116
     129
     147
     130
     126
     135
     123
     122
     115
     139
     133
     126
     133
     147
     130
     129
     152
     139
     121
     149
     148
     156
     130
     125
     123
     150
     127
     115
     138
     135
     115
     130
     126
     132
     135
     123
     134
     140
     129
     129
     135
     114
     127
     126
     140
     135
     115
     116
     127
     145
     131
     109
     133
     146
     126
     116
     134
     138
     132
     140
     121
     109
     133
     125
     127
     138
     133
     137
     134
     129
     134
     104
     137
     131
     142
     149
     138
     130
     128
     122
     123
     146
     144
     155
     131
     128
     130
     133
     119
     122
     123
     147
     122
     136
     143
     133
     141
     107
     133
     127
     142
     128
     127
     138
     125
     162
     126
     144
     119
     133
     137
     130
     134
      95
     135
     141
     129
     138
     132
     126
     126
     128
     129
     130
     157
     134
     132
     143
     139
     144
     140
     129
     129
     160
     139
     162
     157
     165
     173
     150
     155
     137
     149
     167
     192
     177
     236
     228
     283
     412
     609
     968
    1700
    3110
    5485
    9270
   14183
   20538
   26257
   31313
   33474
   31989
   27977
   21876
   15410
    9642
    5598
    2787
    1316
     612
     319
     209
     151
     136
     126
     153
     136
     109
     117
      92
     101
     119
     120
      95
     124
     113
     109
     114
     125
      97
     129
     112
      99
      98
     115
      92
      92
     102
      93
     106
      99
     108
      83
     105
     101
     102
      88
     103
      86
      96
     102
      90
      99
     123
      90
      93
     121
      98
      93
      85
      95
      89
     101
      82
     118
      85
      83
      80
      94
      91
     111
     102
     102
      80
     103
      93
      94
      86
     104
      97
     111
      93
      80
      93
     100
      87
     118
      80
     118
     104
     111
      89
      97
      90
      86
      98
      89
      90
      81
     105
      93
     100
      72
      86
      83
     103
     102
      94
      83
      87
     105
      82
      95
      79
      88
      94
      78
     101
      98
     105
      81
      91
      84
      90
      81
      90
      80
      74
      79
      96
      87
      88
      86
      77
      85
      77
      91
     100
      92
      94
      81
     106
     100
      90
      90
      87
     103
      97
      90
     101
      83
      94
      79
      90
      90
      95
     103
      83
     100
      81
      87
     108
      91
      97
     103
      97
      92
      90
     101
      92
      89
      78
      72
      86
      91
     113
     102
      84
     105
      94
      87
      80
     113
      81
      92
      90
      90
      93
      87
      89
      98
      95
      90
      82
      87
      85
     115
      84
      85
      85
      73
      92
      86
     101
      84
      90
      79
      86
      63
      81
      74
      82
      83
      86
      82
      82
      88
      58
      89
      99
     103
      86
      74
      67
      84
      79
      82
      94
      87
      94
      73
      76
      90
      97
      87
      97
     106
      79
      80
     100
      91
      98
      93
      91
     100
      79
      93
      71
     102
      91
     115
      70
      85
      84
      83
     100
      74
      91
      81
      87
     108
      98
      94
      75
      82
      81
      90
      90
      92
      97
      96
      90
      98
      92
      71
      95
      75
      87
      92
      83
      98
      98
      77
     102
      96
      96
      97
      96
      77
      94
      90
      91
      81
      98
      96
      77
      81
      80
      89
      80
      84
     104
      76
      85
      98
      91
     100
      85
      73
      79
      96
     101
      80
      77
      71
      73
      94
      87
      82
      94
      79
      72
      89
      86
      83
      79
      93
      74
      70
      93
      88
      86
      79
      78
      82
      87
      98
      75
      77
      95
      84
      82
      85
      92
      96
      82
      86
      89
      64
      85
     102
      89
      69
      86
      79
      97
      83
      90
      80
      76
      78
      90
      77
      81
      85
      93
      94
      77
      76
      80
      73
      82
      85
      89
      79
      89
      69
      83
      75
      88
      77
      86
      76
      81
      68
      84
      88
      84
      79
      69
      88
      98
      75
      81
      91
      95
      87
      66
      69
      77
      99
      69
      79
      80
      81
      66
      91
      82
      85
      76
      81
      85
      84
      89
      67
      85
      81
      87
      81
      92
      93
      82
      80
      80
      68
      90
      77
      85
      85
      82
      72
      70
      86
      66
      86
      85
      92
      61
      83
      74
      82
      75
      74
      76
      78
      88
      86
      73
      97
      66
      86
      80
      82
      74
      78
      89
      90
      69
      95
      81
     103
      84
      78
      79
      55
      10
       0
       0
       0
       0
       0
       0
       0
       0
       0
       0
       0
       0
       0
       0
       0
       0
       0
       0
       0
       0
       0
       0
       0
       0
       0
       0
       0
       0
       0
       0
       0
       0
       0
       0
       0
       0
       0
       0
       0
       0
       0
       0
       0
       0
       0
       0
       0
       0
       0
       0
       0
       0
       0
       0
       0
       0
       0
       0
       0
       0
       0
       0
       0
       0
       0
       0
       0
       0
       0
       0
       0
       0
       0
       0
       0
       0
       0
       0
       0
       0
       0
       0
       0
       0
       0
       0
       0
       0
       0
       0
       0
       0
       0
       0
       0
       0
       0
       0
       0
       0
       0
       0
       0
       0
       0
       0
       0
       0
       0
       0
       0
       0
       0
       0
       0
       0
       0
       0
       0
       0
       0
       0
       0
       0
       0
       0
       0
       0
       0
       0
       0
       0
       0
       0
       0
       0
       0
       0
       0
       0
       0
       0
       0
       0
       0
       0
       0
       0
       0
       0
       0
       0
       0
       0
       0
       0
       0
       0
       0
       0
       0
       0
       0
       0
       0
       0
       0
       0
       0
       0
       0
       0
       0
       0
       0
       0
       0
       0
       0
       0
       0
       0
       0
       0
       0
       0
       0
       0
       0
       0
       0
       0
       0
       0
       0
       0
       0
       0
       0
       0
       0
       0
$ROI:
43
155 166
174 181
199 210
330 336
897 898
900 914
1018 1030
1103 1104
1117 1132
1138 1141
1145 1145
1151 1158
1160 1169
1191 1206
1213 1221
1370 1417
1518 1532
1538 1578
1771 1782
1813 1832
1851 1860
1918 1928
2192 2226
2298 2327
2401 2415
2486 2498
3040 3056
3191 3216
3459 3511
3627 3647
3667 3687
3700 3706
3720 3770
3978 4001
4041 4064
4713 4739
4930 4975
5321 5337
5344 5362
5751 5790
6103 6152
7114 7167
7500 7544
$PRESETS:
Real Time
43200
0
$ENER_FIT:
0.307321 0.365979
$MCA_CAL:
3
3.073214E-001 3.659792E-001 -1.300910E-008 keV
$SHAPE_CAL:
3
1.992409E+000 1.877908E-003 -3.240380E-007
